CREATE TABLE Task1 (id INTEGER, C1 FLOAT, C2 FLOAT, C3 FLOAT, C4 FLOAT, C5 FLOAT, C6 FLOAT, C7 FLOAT, C8 FLOAT, C9 FLOAT, C10 FLOAT, C11 FLOAT, C12 FLOAT, C13 FLOAT, C14 FLOAT, C15 FLOAT, C16 FLOAT, C17 FLOAT, C18 FLOAT, C19 FLOAT, C20 FLOAT, C21 FLOAT, C22 FLOAT, C23 FLOAT, C24 FLOAT);

ALTER TABLE Task1 ADD PRIMARY KEY (id)

INSERT INTO Task1 VALUES (1, 14.8, 9.6,	15.7, 9.1, 8.7,	7.7, 16.1, 10.7, 25, 14.1, 10.9, 8.4, 18.4, 8.7, 16.9, 20.4, 11.3, 11.4, 19, 13.1, 10.5,	17.5, 12.3, 7.5);
INSERT INTO Task1 VALUES (2, 16.3, 5.6, 12.8, 15, 8.8, 11.6, 16.6, 11.1, 15.6, 13.5, 10.6, 10.4, 14.3, 6.8, 17.8, 18.1, 9.4, 12.1, 17.1, 11.5, 6.2,	15.7, 11.5, 3.8);
INSERT INTO Task1 VALUES (3, 15.6, 10.4, 15.7, 22.6, 10.1, 11.5, 18.8, 12.9, 19, 20.6,	13.6, 10.2, 14.6, 7.2, 13.4, 20.1, 9.5, 8.6, 16.2, 10.8, 7.8,	19.1, 13, 7.9);
INSERT INTO Task1 VALUES (4, 15.8, 7.8, 13.5, 17.4, 9.2, 10.5, 13.8, 8.9, 11.8,	21.7, 14, 12.2, 14.9, 12.6, 15.9, 17.8,	11.1, 10.5, 19.2, 13.2,	4.4, 	19.4, 13.1, 4.1);
INSERT INTO Task1 VALUES (5, 15.3, 6, 13.7, 17.3, 8.3, 6.9, 17.7, 12, 16.2, 19.1, 13, 11.4, 16.1, 11.7,	12.7, 12.8, 5.6, 8, 12.9, 8.1, 6.5, 16,	11.7,	5.8);
INSERT INTO Task1 VALUES (6, 17.4, 9.7, 14.5, 17.5, 9.9, 14.9,	20.6, 14.3, 16.1, 16, 11.7, 11.3, 18.9,	5.8, 20.5, 7.7,	8.4, 14.2, 14.8, 9.7, 6.4,	16.5, 11.9, 5.9);
INSERT INTO Task1 VALUES (7, 14.9, 9.9,	15.1, 14.4, 10.1, 7.3,	17, 11.4, 16.5,	21.1, 13.8, 7.7, 17.1, 9.6, 17.2, 13.8,	8.9, 11.6, 16.4, 10.9, 6.6,	15.4, 11.4, 7.6);
INSERT INTO Task1 VALUES (8, 15.4, 9.7,	12.4, 14.6, 11.7, 16.3,	17, 9.4, 23.9,	18.4, 12.7, 10.2, 15.4,	10.1, 18.6, 23.4, 14.9,	12.7, 16.1, 10.7,	10.1, 14.3, 10.9, 5.1);
INSERT INTO Task1 VALUES (9, 13.9, 12.2, 12.8, 17.2, 10.3, 7, 14.4, 12,	10.1, 15.6, 11.5, 11.9, 16.3, 9.4, 19.8, 21.9,	10.9, 13.7, 16.8, 11.3,	3.6,	10.4, 9.3, 4.5);
INSERT INTO Task1 VALUES (10, 14.8, 8.9, 18.5,	14.2, 9.8, 10.2, 17.7,	8.9, 11.8, 20.1, 13.4, 9.7, 16.5, 10.8,	18.6, 12.8, 10.1, 12.8,	17.6, 11.9,	4.4, 18, 12.5, 2.5);
INSERT INTO Task1 VALUES (11, 13.7, 11.1, 15.8,	12.2, 12.3, 11,	13.9, 11.5, 14.6, 19.5,	13.1, 8.2, 15.4, 9.3, 17.5, 14.9, 8.6,	11.9, 15.9, 10.5,	5.7, 13.1, 10.5, 7.7);
INSERT INTO Task1 VALUES (12, 14.8, 15.6, 13.9,	17.6, 12.3, 13.3, 17.1,	9.2, 16.5, 15.6, 11.5,	8.2, 15.6, 8.6,	16.7, 15.4, 11.9, 11.2,	18.4, 12.6,	6.6, 21.7, 14, 3.8);
INSERT INTO Task1 VALUES (13, 16.4, 9.2, 14, 13.5, 10.3, 9.9, 14.2, 14.2, 14.7,	16.1, 11.7, 9.9, 16.4, 8.4, 13.7, 15.2,	7.8, 8.8, 18.7,	12.8, 5.7,	16.6, 11.9, 8);
INSERT INTO Task1 VALUES (14, 11.8, 6.6, 13.5,	12.9, 11.8, 8.2, 20.4, 11.3, 21.9, 14.6, 11.1,	9.1, 15.3, 9.3,	16.8, 14.4, 8.5, 11.3,	17.8, 12.1,	9.1, 14.8, 11.2, 7.2);
INSERT INTO Task1 VALUES (15, 14.1, 12,	16, 11.7, 8.8, 14.4, 16.8, 10.2, 15.2,	12.6, 10.3, 11.9, 17.7,	6.4, 17.3, 15.8, 9.4, 11.6, 16.9, 11.3,	6,	19, 12.9, 5.2);
INSERT INTO Task1 VALUES (16, 17.3, 9, 13.7, 23.6, 9, 9.6, 15.5, 12.1, 11.7, 18.5, 12.7, 12.6, 15.9, 8.7, 14.9,	16.5, 10.1, 9.7, 16.1, 10.7, 4.3,	21.3, 13.9, 5.9);
INSERT INTO Task1 VALUES (17, 18.3, 8.8, 13.5, 18.4, 13.5, 12.2, 17.8, 8.4, 16.2, 18.3, 12.6, 11.1, 13.6, 8.5, 17, 19, 8.2, 11.5, 18.2,	12.4, 6.5,	15.7, 11.5, 8.4);
INSERT INTO Task1 VALUES (18, 16.6, 9.6, 16.3, 14.2, 7.4, 9, 13.2, 11.3, 13.1, 17.7, 12.4, 10.1, 19.7, 9.9, 13.2, 18.6,	10.4, 8.4, 16, 10.7, 6.5,	15.8, 11.6, 5.1);
INSERT INTO Task1 VALUES (19, 11.3, 14.3, 14.6,	14.9, 9.1, 10.1, 17, 10.1, 15.4, 17.4, 12.2, 9.8, 14.1,	7.4, 16, 15.2, 9.9, 10.7, 11.3,	6.9, 5,	16.5,	11.9, 5.4);
INSERT INTO Task1 VALUES (20, 15.4, 11.8, 11.8,	20.7, 10.3, 11.5, 15.4,	11.4, 16.4, 14.3, 11, 10, 17.7,	10.9, 18.1, 17.9, 10.1,	12.3, 12.6, 7.9,	6.1, 16.7, 12, 5.6);
	